%YAML:1.0
---
model_type: PINHOLE
camera_name: camera
image_width: 640
image_height: 480
distortion_parameters:
   k1: 0.0032468741526957444
   k2: -0.0005068657534038797
   p1: -0.003105639270484388
   p2: -0.0006745885338093507
projection_parameters:
   fx: 382.99109230269704
   fy: 383.81933103113215
   cx: 322.50958836551126
   cy: 238.73617914033935