%YAML:1.0
---
model_type: PINHOLE
camera_name: camera
image_width: 640
image_height: 480
distortion_parameters:
   k1: 0.013668719509438819
   k2: -0.004248861858486366
   p1: 0.00042918924013959746
   p2: -0.004047539423566273
projection_parameters:
   fx: 389.7944629164048
   fy: 390.1139491187049
   cx: 316.91266655552124
   cy: 243.89517102141568
