%YAML:1.0
---
model_type: PINHOLE
camera_name: camera
image_width: 848
image_height: 480
distortion_parameters:
   k1: 0.004414389013133787
   k2: -0.004976994124822208
   p1: -9.939911435509783e-05
   p2: 0.0002320740463824754
projection_parameters:
   fx: 433.16828825149565
   fy: 433.7743447349417
   cx: 428.5784495191788
   cy: 244.28492658614402
