%YAML:1.0
---
model_type: PINHOLE
camera_name: camera
image_width: 848
image_height: 480
distortion_parameters:
   k1: 0.00483179601956695
   k2: -0.005888547189246013
   p1: -0.0002540613353348475
   p2: 0.0004713542205538649
projection_parameters:
   fx: 431.58149917855184
   fy: 432.22597375686826
   cx: 429.05353513869045
   cy: 243.8308140860954
