%YAML:1.0
---
model_type: PINHOLE
camera_name: camera
image_width: 848
image_height: 480
distortion_parameters:
   k1: 0.003392980580979088
   k2: -0.0036733091600923964
   p1: -0.00017387201624768984
   p2: -0.0002164399447003005
projection_parameters:
   fx: 431.51004666749213
   fy: 432.16301144195324
   cx: 428.93372716940587
   cy: 244.0328776776044
