%YAML:1.0
---
model_type: PINHOLE
camera_name: camera
image_width: 848
image_height: 480
distortion_parameters:
   k1: 0.0037347836082228234
   k2: -0.003623253383653765
   p1: 6.275905339599883e-05
   p2: -0.00048124485108168725
projection_parameters:
   fx: 433.08426397540023
   fy: 433.72223693128086
   cx: 428.3641756247557
   cy: 244.43006489137878
